486.65
152.55
499.87
143.26
502.89
129.7
511.97
231.45
222.63
298.01
176.12
145.16
224.95
383.81
226.97
498.73
389.76
309.26
435.75
390.76
347.8
162.32
223.45
199.3
384.52
229.95
246.92
220.81
185.98
408.57
329.9
338.71
332.82
191.8
207.1
211.26
343.3
164.71
392.23
337.33
163.46
210.39
215.77
302.41
166.26
169.0
450.01
192.03
299.53
290.97
398.88
354.79
181.66
408.43
356.03
348.57
458.38
324.55
161.99
386.11
148.93
211.02
252.7
191.67
411.05
359.02
307.15
404.6
475.65
487.83
285.72
292.96
132.93
499.71
211.88
394.17
147.79
344.81
341.54
202.28
212.17
212.82
217.67
149.49
272.06
411.95
200.18
243.39
187.29
295.67
209.47
304.86
384.03
183.86
325.89
296.46
348.78
257.82
302.53
327.94
851.42
1525.61
840.79
1712.93
1247.94
632.12
1271.55
1445.51
763.15
1440.55
785.82
1554.7
1456.57
1662.95
1601.02
1415.63
779.01
763.32
1284.78
764.47
1481.69
1690.79
681.41
1123.54
812.33
1693.07
785.97
729.26
594.22
776.6
1496.59
996.31
994.82
808.48
1427.85
773.88
1165.15
1412.42
1523.68
888.68
621.29
1013.56
1140.21
789.21
909.67
1407.33
1684.13
1523.36
818.58
1446.12
811.05
1573.71
1060.83
1526.24
1187.09
759.69
1186.01
1276.54
798.47
761.77
1341.29
613.08
1146.64
920.06
1503.22
1432.76
785.47
726.43
1663.62
437.48
797.45
942.61
809.77
1260.98
1134.61
1441.55
1594.0
754.87
682.26
776.53
1601.48
1265.87
731.6
1697.05
973.25
1112.18
783.59
817.85
890.02
1443.89
1571.75
1255.36
930.82
567.8
458.18
1195.8
972.53
710.63
721.36
890.42
1881.83
1576.36
1456.93
1063.28
1543.47
1543.4
1166.36
1000.79
1187.23
1412.79
1538.67
1421.27
1572.31
1127.66
1735.4
1613.84
1589.08
1077.55
1911.12
1639.73
1018.95
1350.44
1866.95
1683.64
1466.16
1430.26
1343.29
1775.35
906.34
1627.95
616.63
1543.41
1123.05
1593.47
1090.33
1785.48
1081.8
1661.86
1571.66
1608.48
1176.08
1564.66
713.14
1616.13
1603.78
1331.57
2083.0
1746.59
1151.11
1291.61
1285.68
1188.57
1806.78
1582.42
1756.1
1123.42
1548.29
929.76
1421.12
1191.6
1554.07
1673.02
1268.5
1236.46
1561.49
1510.83
1299.88
1236.26
1456.92
1885.95
1555.41
1695.75
1515.82
1164.73
996.26
871.78
1818.27
1467.05
1593.6
958.49
1951.76
1129.5
1530.3
1926.75
1445.76
1811.85
1809.59
1130.74
1634.09
1160.83
1904.92
1990.78
1994.21
1899.81
1132.61
1511.61
903.61
1805.76
1666.7
1708.93
1457.68
991.37
1310.22
787.99
1390.25
796.57
976.46
1454.43
1363.83
1506.47
921.31
1245.05
1163.52
1239.33
1209.82
831.38
1002.62
656.04
1152.44
1066.99
1505.08
775.58
753.1
1431.32
1559.17
1127.25
1234.53
1579.61
1141.68
1009.89
596.77
705.39
669.33
1887.33
1304.84
772.36
722.86
707.01
935.33
1068.12
696.3
813.55
1294.42
1442.8
891.91
1149.19
1369.6
688.93
895.15
1131.98
1743.0
1044.96
654.88
1119.81
611.11
736.02
1304.42
1336.83
605.92
720.33
751.51
1131.43
1844.88
1302.29
632.9
1636.62
1469.01
825.36
772.79
1161.18
997.06
1117.79
1361.04
1282.47
1333.29
1037.93
1389.84
614.71
760.34
1265.98
768.87
967.63
1318.74
533.49
1159.14
772.74
1854.44
568.07
830.34
1387.3
652.35
955.3
704.16
1391.52
1816.56
1105.56
1367.33
840.13
1101.06
1693.72
930.05
708.46
851.48
1042.18
775.15
542.46
936.41
947.22
477.67
1185.52
637.56
1161.45
698.76
977.28
750.5
634.87
1204.79
555.51
1477.67
535.9
1123.5
528.67
781.58
795.79
690.32
843.2
1250.87
769.64
565.28
1383.06
525.82
754.53
1035.36
1004.56
564.99
1626.71
827.48
881.14
731.09
1139.91
995.77
936.2
595.0
638.14
536.48
1139.77
598.27
718.38
1133.61
691.83
289.74
266.85
310.18
693.57
1162.05
585.5
920.2
779.93
469.09
845.63
840.77
794.45
925.69
685.45
1203.86
453.17
867.71
1109.41
1202.45
288.8
741.96
854.27
1175.53
1030.57
739.47
792.28
1064.75
1148.74
795.32
367.82
576.46
719.54
296.94
222.04
770.37
641.99
1229.74
852.78
770.48
1185.84
525.64
602.64
313.88
781.08
310.85
252.03
1089.96
715.21
796.74
778.44
1059.34
831.88
648.01
308.5
1068.8
285.3
805.36
549.5
839.42
604.88
886.71
793.67
586.87
485.59
205.76
827.36
745.94
1253.59
875.75
462.52
1035.99
749.42
1227.96
458.71
635.63
514.39
622.53
796.76
788.73
382.02
610.91
1032.96
776.73
656.96
271.95
814.98
1115.5
307.6
1105.56
613.73
836.13
1015.45
737.82
303.96
479.63
393.88
1199.85
1102.28
340.32
791.9
1466.33
1163.52
1168.31
1407.74
1241.56
478.52
637.44
786.88
1152.26
1416.93
798.94
1384.8
868.26
594.36
1425.27
622.48
703.29
625.34
855.52
1330.67
608.75
565.49
792.3
1524.37
1263.47
647.82
1481.73
640.22
1292.06
588.12
619.43
1106.72
609.01
630.73
781.66
1514.01
1332.75
905.01
1124.45
1264.13
1522.36
844.2
1012.12
1552.77
725.05
1441.54
1266.44
1233.68
815.46
1219.41
1470.3
715.97
1558.28
1328.12
581.88
1338.28
761.61
592.76
749.09
1514.97
843.39
1112.42
1168.35
1439.15
1399.94
776.58
1101.97
1254.99
1383.05
641.44
1538.26
480.88
1326.21
498.68
879.5
1178.6
1318.54
754.78
1483.24
1043.62
848.95
583.02
742.2
1492.39
842.5
626.62
1499.68
1399.38
810.95
1406.35
529.32
902.37
606.92
902.74
926.06
1160.07
585.78
1284.3
1412.84
763.88
1891.83
1970.49
1997.29
1936.48
1748.66
1952.74
2041.88
1967.4
2045.48
2007.55
1989.4
1949.45
1732.14
1974.66
1884.78
1911.06
1815.17
2056.48
1894.4
1856.32
1854.56
1801.48
2030.62
1959.68
2066.1
1875.18
1969.82
2109.53
1750.95
2087.36
1838.02
1881.6
1924.22
1915.56
2054.74
1813.41
1804.9
1884.36
1912.01
1751.86
1916.64
1968.69
1969.92
1820.79
1850.47
1878.17
1926.98
1800.88
2204.07
2113.69
1828.61
1990.71
1841.92
1964.07
1927.06
1874.87
2015.59
2182.92
1900.7
1938.45
1780.74
1883.82
1743.0
1956.84
1993.87
1852.95
1916.6
1766.79
1993.08
1767.08
2145.94
1968.5
1892.66
2009.04
1856.74
2066.49
1872.36
2108.66
1920.5
1864.96
1982.26
1800.8
1917.86
1866.19
2060.43
1950.64
1865.39
1825.4
1923.1
1998.94
1818.44
1982.91
2028.63
1907.4
2020.3
1806.66
1899.15
2068.61
1760.64
1913.47
1338.49
1179.46
983.88
1759.77
1415.28
752.57
1207.91
1287.92
640.1
1175.58
1612.52
1545.64
1163.38
1593.89
1557.12
1603.53
1656.89
1804.0
1788.69
1340.74
1382.42
1640.9
1754.03
1527.45
1502.79
1419.06
1610.11
807.96
1837.63
1491.23
1620.56
1569.05
1464.26
1085.09
1527.62
1897.42
559.04
1738.89
1575.71
455.88
1880.53
1930.95
1083.82
696.19
1312.48
1533.99
1802.21
715.73
1573.06
1431.71
1516.89
1452.65
1194.44
1618.24
1586.21
927.87
1604.83
1949.32
1193.76
1796.92
1253.77
1143.29
806.18
141.87
1387.35
1296.18
1139.2
1903.1
1367.79
864.71
1436.07
1372.6
1378.31
533.16
1513.14
1600.83
1510.76
1528.65
602.03
1593.65
1068.85
1068.61
1502.4
1859.16
612.22
1464.8
1466.59
1553.99
900.36
1728.99
2007.5
801.32
1353.37
1322.06
1520.87
1722.22
1786.81
1280.19
957.58
1209.25
1450.07
1802.78
1536.59
1661.65
1835.18
1794.93
1813.01
1844.09
1316.66
1661.02
1235.79
1187.12
1103.39
1478.13
1453.08
1303.05
1440.09
1443.37
1439.0
1600.36
1034.87
1510.48
1804.79
1168.79
1253.51
1757.27
1041.9
1660.86
1506.07
1690.48
497.16
1447.74
1381.17
1086.85
615.83
1476.4
1132.34
1135.79
1740.43
1206.24
849.09
1353.21
769.13
1733.31
1008.81
1924.74
1857.07
1097.28
861.87
1614.66
1631.78
1585.32
1646.13
1752.52
1499.1
755.18
1596.59
636.77
1249.08
1817.92
1805.77
524.16
684.75
1341.04
1570.41
1090.27
763.22
1614.93
1520.93
1668.56
1407.94
1805.76
928.41
1586.34
1164.89
1447.47
1701.07
1810.08
1663.47
1645.52
886.96
1792.08
1808.55
1550.24
1617.6
1404.4
601.42
1037.08
761.1
1427.91
1863.09
1558.78
1299.27
1468.34
1128.2
1496.35
1719.4
1669.35
1336.72
1662.7
1531.31
1380.34
1823.03
1539.73
991.91
1602.17
1394.78
1508.44
1522.11
1854.69
1515.8
1488.37
1726.46
1515.55
1604.41
1586.74
1609.4
1935.24
1535.15
949.57
1144.81
1597.04
1989.5
1903.88
1231.73
1677.26
869.56
505.3
1425.63
1410.16
1209.24
983.9
1202.41
1953.31
1826.78
1647.23
1474.94
1584.05
1870.0
1726.87
1524.35
1654.3
1782.64
1519.86
1878.19
1458.19
1313.96
1846.72
1765.81
1813.93
661.21
692.19
1867.68
1561.87
1650.19
1873.92
1612.81
1845.34
1602.96
1991.69
1122.67
1760.91
782.95
1522.45
1692.34
1658.62
1261.96
1514.28
776.73
1934.08
1676.48
593.87
1584.82
1772.47
730.4
1266.49
1596.79
1810.54
1633.6
1277.33
1054.97
951.18
942.25
1466.71
1423.47
806.28
1743.45
1064.64
1112.22
1825.82
1517.51
1050.22
1709.89
1274.71
1123.87
1573.72
596.85
1276.65
1202.07
1707.09
657.62
1271.09
1017.87
1780.91
1467.37
1379.03
1497.12
1695.8
815.48
1725.95
1578.96
1137.17
1100.3
1710.91
1406.43
1229.12
1597.89
1565.63
1477.98
1665.83
1478.69
1579.68
727.85
1419.24
1264.56
1626.03
1202.15
1599.22
1594.78
973.28
1481.07
1113.57
1820.18
1561.99
1343.92
646.55
1222.55
1435.56
1568.43
846.93
1779.7
1440.13
1171.09
1806.35
1515.01
1440.56
576.18
1059.61
1808.71
1489.45
984.08
995.09
1617.65
1149.96
1315.56
1706.21
1639.6
1498.36
834.31
1673.47
1407.76
1598.87
1539.52
1383.38
1521.15
1564.15
1437.32
774.73
1562.83
1675.47
1525.9
1385.6
1779.55
741.98
1641.17
1418.59
1912.98
1964.62
1543.84
1554.74
1475.88
1827.33
1661.88
897.47
979.26
1254.8
1275.09
1416.48
1802.59
1664.99
1512.29
1211.39
1173.2
1180.41
1533.2
1195.24
2036.77
1572.81
1687.71
1256.01
1647.42
1646.84
282.62
1856.69
1375.06
1620.42
1646.52
1898.85
1306.08
883.64
626.14
1160.36
658.66
1608.68
1775.15
1782.52
506.79
1354.58
1709.08
1531.26
1561.75
1449.0
1149.97
1784.34
1157.95
1476.67
1583.56
1533.38
1802.41
1679.65
621.19
1569.95
621.18
1600.29
1474.99
1623.24
849.69
1503.35
1261.71
911.76
1566.86
697.25
1611.19
1633.56
1594.69
1838.75
1638.48
1505.26
1170.5
1118.06
1658.44
1203.23
1553.22
1402.98
717.97
1106.5
1219.41
993.23
1787.78
1327.62
1952.67
511.31
1186.76
1462.41
1834.43
1569.17
365.01
629.14
1733.64
637.37
987.74
1517.71
1432.51
1623.98
1330.37
1735.15
1353.32
1764.53
772.74
1506.77
1250.81
1088.67
1535.01
1555.07
1604.94
419.92
1086.73
789.34
1455.59
1565.04
1092.15
1142.44
860.1
1093.5
1090.53
1571.74
1859.3
1855.01
1963.86
1371.63
1912.05
1838.6
934.36
1242.36
718.45
963.19
1505.34
1199.0
1759.91
1476.5
1509.66
751.0
1530.82
1207.53
1681.44
1683.01
1700.21
1174.92
1783.98
845.06
1509.06
1250.82
1072.23
1576.88
1385.45
1519.12
1814.94
906.25
1264.3
1548.73
655.33
1609.3
1340.19
885.51
1778.44
1531.05
1679.06
1199.56
567.07
1057.05
1507.52
1807.17
1746.28
1686.78
1378.35
1262.25
1646.99
1680.97
1344.48
1470.01
1671.07
1373.16
1553.03
1451.09
1597.17
1781.4
1773.04
1461.47
1251.87
1096.7
994.61
1466.37
1562.28
925.14
1756.54
1585.59
788.64
1531.16
2034.53
1500.9
1161.46
1031.78
1514.91
1195.25
755.8
1378.61
858.84
1382.95
1115.06
1250.69
1637.93
874.36
1356.14
1184.12
1190.78
1517.8
1647.42
767.3
1691.58
1181.05
527.27
1369.2
953.69
1475.55
1145.13
1593.35
1251.35
1389.91
1098.98
1721.91
1097.77
1608.53
1192.93
1654.9
1801.32
2020.72
1690.76
1110.17
635.58
1610.71
1561.42
1484.08
1389.55
1591.99
1978.41
1534.57
1493.81
1511.0
1079.24
1958.13
1678.1
1903.13
1170.92
1345.72
1380.54
1595.5
1451.97
681.98
1803.71
1228.4
1589.83
1279.38
733.61
1587.18
1835.72
1333.51
1645.76
1525.92
1554.63
725.18
1486.95
1880.0
1400.89
1399.38
1915.57
1716.41
1483.55
1648.05
1520.09
1546.59
1486.52
1517.79
1571.85
1821.27
930.46
732.91
1456.53
1513.31
1252.12
404.22
1374.02
813.84
891.77
1643.84
964.67
1508.82
1753.42
1768.34
1353.66
1794.46
1231.98
1111.47
1234.13
1343.34
1539.07
1589.49
1589.21
1140.97
920.68
1533.9
1514.98
1244.94
1482.28
1602.38
1634.62
1229.24
1679.26
1471.07
1522.39
1734.67
1148.61
1847.52
1501.66
1758.91
1032.68
2016.05
1607.03
1854.82
1228.73
1095.61
1722.33
1633.15
1516.5
970.45
1370.44
1792.73
1554.69
1555.61
1377.54
444.57
1638.34
1078.26
1155.98
1251.08
1632.55
1271.67
1434.08
1593.08
924.73
693.75
1336.64
1489.92
1409.46
1554.5
906.66
1115.22
1436.93
1468.82
1479.38
1458.04
1798.42
1522.0
1179.99
990.5
1528.62
1644.35
1604.03
1395.03
1506.69
698.83
1384.88
885.71
759.41
1304.65
1470.64
1465.68
1852.34
1235.48
1654.42
931.68
1576.09
1643.36
1064.15
1466.52
1252.91
1854.04
737.08
580.77
1516.11
1140.12
1788.12
1253.05
1787.25
1633.53
1454.92
1626.73
1206.28
859.14
1753.06
1565.42
584.87
1109.35
793.17
1146.4
872.51
1477.66
1352.43
1553.66
1981.97
651.01
794.12
580.61
1298.61
1053.96
1575.14
971.54
1900.05
1617.11
314.92
1533.19
1258.99
605.55
1188.67
1467.37
842.82
1825.13
1603.02
1462.0
874.37
438.69
1467.08
940.38
1528.54
1547.64
1160.31
1631.89
413.18
570.17
1667.04
1703.47
732.91
907.84
1142.32
1477.4
1456.47
1383.81
1813.54
448.42
1357.42
820.07
1543.78
1607.04
1745.59
1653.33
1460.86
1805.64
1447.14
1831.55
1212.36
1591.48
690.41
1463.87
1281.76
791.99
1412.77
1601.81
1617.55
1662.89
1398.74
1591.23
1437.62
1046.48
1355.88
1221.07
816.07
1750.86
1633.7
1511.44
1214.99
1851.88
1809.21
1804.09
424.98
1190.52
1237.49
1858.04
1491.39
1080.48
1505.43
1013.91
1824.93
1647.12
1793.45
1534.04
1426.65
857.2
1839.43
1702.15
508.92
1356.5
863.39
1369.68
1525.24
1512.76
1493.64
1694.98
1410.67
1393.51
1169.19
1093.85
1450.34
1625.77
746.36
1402.74
1507.07
1016.91
611.87
929.16
1334.56
1154.95
1622.45
1139.02
1820.34
1608.07
626.75
1513.32
1478.9
1418.43
1278.02
1299.18
1780.37
1548.63
1799.48
1870.66
1775.26
1596.77
1372.85
955.82
1479.08
1428.17
1705.06
1756.26
572.05
1799.67
1923.08
1427.73
1784.09
1308.38
1394.39
1140.99
1239.42
1580.33
695.98
313.04
1005.84
564.15
1163.28
1073.47
900.95
708.86
756.36
1660.81
1383.14
546.46
1167.05
1853.45
918.23
1603.58
1653.15
1477.81
1659.19
435.22
1465.21
1534.85
970.61
1260.34
1390.59
1199.9
1794.7
1430.64
1567.74
698.27
1581.88
1223.49
1872.97
1062.68
1429.98
1281.16
1593.27
745.49
1277.69
416.01
1396.19
1666.71
1834.18
479.93
1762.34
784.63
1002.07
965.4
1188.67
1620.33
1426.87
1506.98
1478.09
866.41
504.21
1224.51
1366.4
1649.06
1088.75
2072.04
1819.03
1612.03
1009.37
1576.93
1442.72
787.99
1597.37
1114.95
1622.54
1208.62
1447.89
1580.97
1388.48
1432.29
1650.21
1581.77
1602.02
1478.53
1162.77
1635.03
1733.39
1104.65
1650.33
1130.48
822.98
1525.83
1452.05
1824.4
891.89
1083.41
1122.18
1103.32
1807.91
1171.54
1882.24
583.86
1361.64
1498.82
1276.0
1530.56
1759.77
1510.74
1551.7
1230.01
1300.55
1686.04
2129.35
513.05
1971.93
749.35
1014.24
1604.85
1056.94
1443.82
549.42
1874.46
1512.21
1823.55
1842.29
1337.88
1700.83
1536.88
1820.48
1698.75
1466.8
914.06
816.64
1641.03
833.0
1680.21
1348.05
1381.08
1611.78
1597.71
1650.32
1560.28
1106.53
1667.36
1764.22
1825.46
563.79
1035.49
1039.0
1509.33
1785.73
1690.51
1510.6
1218.65
1590.54
1511.65
1690.48
1783.71
1509.07
1544.76
924.54
1367.18
916.25
1672.03
1615.35
1741.43
647.29
1309.94
786.09
1157.83
1268.77
1178.34
530.96
1423.8
1376.83
1655.75
1143.62
653.41
1124.66
1567.1
578.74
685.81
1606.92
1748.95
1208.93
1583.08
1704.83
1768.07
1671.88
1638.77
1594.33
1314.85
1738.1
1598.64
1223.64
771.28
1092.23
1120.27
1518.32
553.05
1537.03
1415.37
1750.03
1366.39
1467.69
960.01
1609.2
1572.94
1242.51
1162.73
1745.39
1126.44
1246.98
1517.01
1553.54
977.92
1206.15
1875.08
1794.78
1875.13
1339.03
1647.37
1824.07
1586.67
1831.87
1559.33
1503.1
1743.09
1351.71
1816.9
1266.09
1629.35
1291.04
1521.68
1532.38
1483.09
839.4
697.46
1742.42
1577.38
1136.33
1081.58
1081.3
1521.24
1105.61
585.3
728.61
1590.13
1679.41
1455.95
1490.96
1810.11
1908.5
1537.11
1217.54
1581.26
1039.24
1192.99
884.73
1774.44
653.85
1685.25
1057.45
1574.93
1870.29
1235.22
1537.24
992.88
1515.62
1603.37
467.79
1411.42
1211.18
1342.37
1296.5
1522.28
764.69
1423.39
1491.7
210.18
731.5
1861.57
1571.38
833.57
1108.61
1844.57
659.77
707.14
1893.67
1620.34
1598.9
1941.97
1839.4
1308.63
1474.09
1149.71
1819.75
1633.83
1597.21
1665.29
1581.24
634.26
1612.31
1179.17
1483.68
1532.83
854.25
1260.94
1422.9
1485.68
759.65
1450.53
1819.52
1468.85
906.13
1540.57
1373.91
1587.07
1881.19
1817.36
632.49
204.6
817.88
1629.69
1605.15
1854.31
1639.58
1531.2
1777.15
1661.34
1661.27
601.88
1394.54
1962.91
1565.25
1755.75
1761.22
1384.45
1852.58
1446.75
1239.48
1441.06
978.18
1657.23
1537.49
1766.6
1235.83
1431.09
206.71
1928.84
1446.72
1418.09
477.76
798.06
1633.77
1573.27
1600.75
1036.9
1669.01
1401.64
825.39
1309.62
1255.69
882.91
646.47
1250.66
1928.66
1921.12
1408.08
636.39
1090.0
1130.78
942.59
1563.05
1149.15
1335.98
1335.11
1534.86
1314.72
1428.01
839.84
1103.9
1805.5
1688.62
413.09
1869.51
1363.43
2028.62
1767.77
852.6
1152.48
528.34
1649.77
1677.26
839.68
1049.68
1579.31
605.4
1055.72
782.14
1453.21
1552.14
2078.2
973.65
1109.4
1132.48
1482.67
1757.75
704.07
1806.48
1319.15
1437.91
553.06
1484.38
1508.31
1221.42
1623.48
726.04
1650.33
1151.97
1640.34
1377.32
1577.63
1673.93
585.31
1140.99
1046.21
970.68
1482.8
1424.03
1391.23
1476.17
1361.69
1361.34
1184.76
1388.66
1382.56
1615.42
945.76
1741.1
1571.63
1651.44
1508.47
1029.3
1447.06
1872.84
1733.3
790.41
1620.5
1494.42
2056.78
1628.11
1641.14
1610.57
1444.44
1522.96
1673.23
1802.99
1151.56
1567.15
796.16
1744.15
1608.8
465.5
1589.81
1767.41
1830.35
1404.7
1288.17
737.84
1160.73
1823.31
1130.61
1762.77
1217.57
709.93
1302.74
1562.1
1325.75
1604.17
1207.55
439.48
874.41
1788.78
1635.36
1749.88
1603.48
1996.76
1352.26
1534.85
1715.67
1584.63
1315.81
1483.23
1457.67
1646.32
1114.91
1583.15
1330.73
1116.35
1010.68
701.17
1850.91
1279.22
1436.56
849.23
1156.94
1458.36
1581.73
1125.1
1336.0
1742.33
749.93
1794.56
1025.68
768.61
1614.52
1058.57
1681.89
1860.15
1043.31
1731.45
1630.93
1863.53
798.86
357.6
928.32
1531.51
1610.82
582.33
1803.13
1754.0
1298.29
1595.28
843.25
750.82
1712.08
746.88
182.85
1300.68
1900.53
1417.48
1607.39
1856.83
1692.6
1780.8
1659.81
1435.21
1280.29
1649.86
878.45
1506.6
1469.14
1608.22
1201.57
1638.05
1216.35
1493.41
1535.67
1421.34
1391.74
1085.53
1765.1
1075.0
1609.57
1914.42
769.37
1600.5
186.64
1868.26
1351.9
1621.25
1651.61
1048.49
1638.99
1952.9
1646.51
1519.1
568.61
1533.78
1442.18
1559.11
1383.55
1750.92
891.61
1599.65
1627.0
1198.67
214.41
1724.37
483.79
318.58
1222.22
879.02
1769.34
1782.93
1456.89
1777.96
1567.65
1502.75
1509.59
964.49
792.69
1560.25
1149.34
1452.07
1281.78
1414.5
1711.52
1621.73
1431.76
659.84
1501.69
1470.9
1636.92
895.86
703.38
1194.99
1065.64
1347.13
1092.0
1657.0
1531.18
1338.77
769.25
1391.71
848.7
1911.06
1313.05
1440.02
1244.97
1482.18
778.31
1619.65
1323.79
912.29
1599.42
1021.21
890.32
554.04
1056.3
522.98
1904.95
1825.06
1436.05
1207.7
1183.63
542.38
1491.86
1584.79
1100.47
424.39
1609.57
1671.18
552.62
1385.07
819.08
895.9
1216.5
1782.63
925.35
296.6
1273.88
1815.94
1480.32
1623.93
1780.36
1109.02
1681.37
1785.6
1279.58
935.92
1097.63
1699.74
1324.01
1334.65
940.19
1501.93
1898.96
1506.84
1148.84
1795.49
2024.16
1389.89
1674.6
1511.28
929.07
1456.42
1260.59
1252.73
1537.92
1733.89
1517.65
548.95
1532.55
778.97
1064.04
154.14
1706.23
1808.92
1440.17
1186.91
1356.74
1690.63
1929.2
1623.5
1245.73
1494.73
637.89
1821.94
1810.5
1015.79
1774.87
1245.18
1493.19
1556.98
1628.92
588.17
808.67
1511.69
1770.13
1500.83
1200.46
1541.01
1371.31
1110.41
1803.06
1565.46
1818.83
1444.57
1064.08
1464.51
1477.76
1579.27
963.44
1555.7
1123.64
865.04
1481.85
1587.03
1545.14
1511.27
1940.72
1179.84
782.28
965.65
1754.8
1662.19
1671.35
1370.05
1104.4
1338.36
701.28
1755.07
1074.33
1887.53
931.96
1650.63
603.84
1383.89
1256.97
1045.32
384.61
1620.77
1693.17
636.09
1157.65
1885.39
1835.93
1227.61
1797.44
1465.18
1588.21
1627.05
1531.08
2018.56
935.36
704.27
1558.71
1674.64
1316.8
1836.32
1591.02
1511.74
1505.13
1597.34
1385.95
1203.78
1241.41
1298.24
1482.38
1487.63
1835.65
1522.39
1647.41
1642.96
1656.31
1274.68
1773.9
1062.45
1361.19
1429.9
1614.62
2008.26
588.46
1020.8
1416.62
1833.64
1753.75
1093.08
1969.68
1623.7
1610.27
1816.26
941.07
885.3
1820.02
260.81
1785.4
1855.17
1827.01
1722.82
1308.19
1493.41
1519.53
1791.58
285.67
1642.0
1157.96
1189.61
1789.71
1191.56
1301.86
1451.8
1617.6
1529.38
1529.47
1597.57
1230.43
1817.75
774.53
1154.94
1122.58
1175.63
723.44
696.62
898.55
1602.3
649.0
1474.09
858.97
1510.78
1849.33
1822.05
1466.01
1800.33
1521.01
1344.77
1632.48
1785.66
1119.91
523.52
1135.4
1838.51
1618.33
1907.49
1894.03
666.39
407.23
1814.75
1134.68
1770.06
955.32
1808.3
1068.72
1566.53
1152.79
1051.13
1317.87
1352.0
1813.41
1266.9
1992.18
1505.78
1462.6
1470.29
1637.49
1808.23
1581.2
1567.78
1131.75
1883.77
1098.65
813.85
1561.91
1311.83
1610.72
842.52
1278.32
1151.06
1611.89
1656.71
1984.58
1241.34
1447.93
1650.67
523.58
1573.29
1569.73
1797.73
1823.84
577.49
562.91
1634.15
1804.66
1194.56
1753.99
780.11
1205.38
1398.15
748.2
2008.88
1399.26
1089.02
1357.71
1922.26
1445.88
1038.26
790.45
1464.05
1568.46
1806.64
1503.49
1681.4
1604.09
1073.74
1579.37
1623.27
1367.92
1872.53
280.16
1699.91
1350.39
1667.69
604.72
705.21
1942.58
1740.1
1197.22
814.78
1588.6
1773.83
1627.27
1274.35
1660.29
1670.34
1241.26
1415.4
1645.5
1466.66
1056.8
1283.58
818.6
1604.42
1571.11
1593.73
1333.11
1616.16
1800.56
1504.55
1656.12
767.84
859.7
1502.33
774.44
1492.95
1377.74
1907.26
1021.23
1436.53
1661.54
1560.57
1567.6
1521.1
1785.79
481.74
929.47
718.7
1417.48
766.46
1898.7
1691.84
2038.11
1594.19
1137.45
1124.44
503.76
944.05
1670.97
1497.18
1670.74
1012.87
936.09
1376.23
1290.66
1589.44
878.07
965.48
1543.08
1587.83
1559.72
871.09
1175.42
454.06
834.05
1446.96
1378.15
1758.87
1526.03
1571.22
1532.74
1793.54
1819.48
1195.06
1876.5
1518.68
1576.56
1015.09
1478.66
1759.07
351.44
1822.07
1521.76
1080.25
1516.83
1100.21
1763.69
1189.94
1509.18
1510.01
1531.34
701.23
1625.96
1502.0
1596.04
944.98
909.06
1326.09
745.01
1591.68
1946.18
921.94
1424.3
1545.61
1475.56
845.95
1821.22
1166.56
1178.13
1080.26
1721.62
916.45
1360.44
1881.21
1505.19
1162.8
1625.44
1433.15
1378.64
960.09
1507.59
1197.22
762.05
1183.2
1403.47
405.26
1643.6
474.96
1550.94
1256.88
1702.61
1641.78
1522.78
1458.34
1523.05
378.65
777.04
1497.62
1823.87
1167.46
1630.85
1313.32
1627.76
1432.88
1535.68
1135.03
1576.14
470.6
1635.85
1424.59
1078.72
746.56
697.21
1801.84
1389.61
1471.85
1892.72
1707.05
1323.97
1617.68
1534.34
1042.25
1976.1
1672.34
1612.54
1407.07
1512.49
1598.0
1516.78
1734.81
964.69
872.55
1706.04
1611.67
1412.61
968.98
1996.51
1386.64
1700.93
1576.36
1626.16
1504.1
1079.84
1600.21
1318.24
1788.45
1194.51
1749.76
1620.15
1580.3
1626.22
1358.1
1387.83
1666.19
1589.93
1452.04
820.51
1073.41
1672.81
1489.32
1782.56
1603.99
1271.93
980.78
1164.13
1113.7
1819.42
1521.93
1243.2
1801.62
1394.79
1621.82
1835.44
1819.32
1465.62
1637.52
1660.98
1183.49
501.9
1653.2
1907.63
1802.86
1761.05
1617.74
1654.24
1765.63
1160.83
1102.21
1304.95
1761.89
1560.33
1611.54
1196.11
1582.27
1457.08
826.57
1758.6
1445.92
1860.06
1638.93
1253.16
818.52
1592.27
1802.88
1311.49
1625.69
1066.81
1570.15
1801.79
1534.89
1162.31
1583.28
1832.28
378.04
630.78
1388.62
866.03
1315.15
980.02
1785.87
1008.01
1198.95
1069.4
1215.53
1580.13
1628.65
1301.12
1138.78
1684.42
1547.0
1528.35
940.28
1888.67
1505.73
1515.88
1309.64
1522.84
1718.43
1144.67
1136.45
440.97
860.66
1498.17
931.24
1452.69
1452.11
1619.76
1959.63
1827.99
1760.4
1625.08
1527.79
1452.96
1886.91
1477.7
1573.72
1772.48
1824.37
1279.43
1742.74
1546.5
1538.75
1812.94
906.85
1062.08
1553.94
2045.99
1299.02
949.57
1585.62
1893.27
1546.15
1631.1
1439.06
1831.64
907.66
1702.24
717.39
1247.23
1570.22
686.95
1515.2
1609.07
1891.68
1765.11
1697.16
1054.38
1143.92
1345.24
1803.56
1877.44
1535.47
1594.43
1377.58
862.33
1398.26
1232.84
1485.26
1102.45
1528.21
1802.49
1779.38
1526.36
1522.08
879.12
1734.28
1192.91
1640.59
1359.77
1719.05
1254.11
1007.63
1202.75
1692.51
1464.47
1551.82
1140.81
1685.54
1619.78
1815.77
1896.81
1440.12
452.55
1344.46
1134.4
1393.82
1984.34
835.28
1611.4
1575.2
1121.27
1298.69
1775.86
1752.81
1609.21
1607.69
556.3
803.42
1236.26
1477.56
1568.09
1674.01
1571.22
1537.44
1410.01
1576.43
783.79
1643.28
1798.84
1839.67
1885.0
1732.23
1524.13
868.26
1007.46
1676.78
872.09
1501.59
1516.86
1563.18
827.75
1437.16
1403.1
909.95
1752.81
1009.04
870.23
1724.01
1307.34
1781.06
1830.14
1539.2
895.79
1478.78
857.22
1412.29
1560.87
1132.52
1545.14
1521.92
1063.6
833.26
1506.09
1122.85
1578.08
1270.86
1276.09
1649.8
1491.46
810.57
1178.69
1538.11
908.93
632.28
642.55
493.34
1346.88
1693.87
711.88
1546.27
1445.35
1542.97
1522.56
1541.69
1326.11
853.33
1470.85
1976.14
1570.91
1439.29
1349.05
1251.67
1660.68
1350.42
1295.26
1151.77
1601.4
1741.81
1452.9
1212.19
1623.89
756.97
997.61
950.87
1619.09
1075.91
1394.54
855.69
953.56
1394.89
955.98
772.44
454.1
1662.45
888.01
802.88
1821.64
746.78
1543.24
1332.29
1585.93
1692.48
1478.45
776.28
1735.54
1582.48
1766.3
704.87
873.12
1059.11
1511.24
564.87
1505.07
1646.25
1484.16
1891.88
1116.3
1051.04
1708.68
1557.41
1835.29
1960.45
1493.98
1607.93
1748.18
697.65
1564.15
812.3
1794.02
927.27
301.43
745.32
1264.69
1606.08
1872.21
1020.47
1477.38
1201.68
692.93
1288.67
1670.89
1438.12
1607.55
1797.94
555.64
1587.78
850.97
1773.05
1078.92
1220.81
1063.93
1555.16
1340.14
1274.63
1884.33
1631.84
1217.95
1931.1
1432.07
1509.49
1842.1
1728.68
1070.35
1492.88
1412.32
1624.22
1084.59
1560.56
1114.09
1599.59
1611.58
1204.76
1632.38
1640.77
1601.54
715.41
1516.28
1847.33
1591.12
569.96
799.7
1129.29
1904.79
1386.87
1444.48
1750.64
917.36
1622.29
1532.37
1755.05
503.14
1014.94
1695.8
1754.13
900.78
1129.42
1842.43
1749.58
1668.15
1463.77
1303.56
561.94
1783.52
1428.0
1174.37
1630.79
1415.79
1753.25
1213.04
1590.5
1728.02
1879.87
1762.15
802.9
1689.15
1303.7
1401.28
1878.08
1404.59
1600.65
1316.29
1710.15
796.59
754.65
1102.79
1394.47
1796.07
1118.64
1550.93
1321.51
1499.59
1362.14
1429.66
1453.55
1197.14
1842.66
1809.48
1255.27
860.78
1118.57
1478.43
1871.53
928.72
1743.45
1447.61
1972.17
1493.86
1600.55
694.44
1579.07
1334.81
1049.33
1356.15
1084.45
1153.06
1599.73
1221.62
1740.51
1521.06
1406.1
1659.31
1458.23
1533.03
1341.08
1675.65
1527.85
1500.36
1137.14
1204.14
1759.22
1615.63
1522.52
788.43
1468.64
1628.48
1674.46
1522.7
2019.47
894.68
1547.03
1620.56
1646.13
831.54
1845.46
625.8
1502.01
1471.97
1516.62
1280.55
761.11
1137.48
1584.52
1041.82
1559.13
1605.46
1526.23
1780.33
1287.56
1731.49
1578.04
1640.01
1587.71
465.52
1284.55
1107.92
1783.21
1845.75
495.0
1018.93
1323.29
1750.21
1803.76
1359.62
1811.74
1822.69
1056.99
1609.11
1423.97
1572.11
1579.94
1508.76
1162.96
1814.41
1432.71
1258.71
1356.2
1614.11
1342.88
763.69
1449.98
1875.97
873.44
1489.97
1581.76
1309.93
1485.04
887.33
736.5
1585.47
1599.75
1193.53
1152.92
1810.11
1534.09
1631.49
608.41
1547.75
824.0
1271.49
1441.86
808.91
750.16
1445.54
786.38
1530.11
1339.37
1304.05
1782.94
1333.49
1473.1
1583.39
1290.1
1298.12
1254.49
1177.2
1689.58
898.13
718.05
840.9
552.91
1880.37
1761.41
1319.72
1159.3
498.19
1066.05
1403.07
1448.37
1160.15
1597.68
1282.34
1377.5
1551.65
1792.22
1453.24
1583.02
1544.98
1395.9
1568.21
1900.69
1498.81
1596.77
1565.05
720.91
1711.53
1197.29
1086.74
1781.43
1652.36
1843.92
1111.91
1600.7
874.16
885.03
1740.77
1162.23
1513.78
433.26
1415.62
1565.65
980.27
1536.87
1662.41
1298.39
232.19
1241.63
1854.98
1879.49
758.77
1332.19
1596.66
1477.02
1608.65
1896.5
1352.97
1525.19
770.12
1519.8
1165.1
641.9
1408.59
218.62
1555.93
693.09
686.41
1567.85
1295.12
1832.31
1289.84
1527.6
1776.79
909.67
1444.23
1581.71
1647.76
653.84
685.46
1594.55
1659.63
1382.4
641.57
1656.18
1606.29
1116.41
1140.01
694.99
1655.23
1732.15
1626.81
1879.89
1611.43
1555.48
579.49
1091.8
1768.08
1854.75
1399.09
1833.48
770.68
1620.61
1256.98
1923.47
1320.25
1380.96
1609.06
1413.82
824.47
1772.49
1286.19
1520.34
1885.08
1364.04
1276.35
1482.8
1825.13
768.38
845.68
1814.83
1782.44
513.17
1636.84
1552.96
1520.68
1910.59
1775.67
848.32
923.53
1412.72
1479.03
1596.77
795.76
1460.92
882.27
1500.93
1346.58
1558.12
1890.1
1652.89
1007.64
1651.36
1571.51
1213.92
1354.18
1785.7
1715.82
1640.56
1725.73
1395.18
1807.25
1463.48
1780.97
1744.31
1118.01
1304.8
1634.05
1210.4
1708.41
1612.99
1793.32
1457.56
1457.04
2001.12
585.52
1264.83
706.08
1739.97
1449.86
1689.32
1417.81
735.13
1384.21
1290.73
1464.7
1189.45
1739.13
1924.26
1228.62
2013.24
705.36
1618.1
894.29
1599.43
1104.01
1153.04
1602.66
1330.57
1147.39
649.34
1416.04
1458.15
1502.83
1808.45
1695.63
1492.63
1721.67
1622.19
1517.29
1557.29
1369.09
1233.21
1507.61
1518.51
978.76
1001.04
1858.47
762.69
1615.69
1519.85
1491.65
1376.74
1763.4
1230.97
1822.73
1742.17
1084.49
1611.32
1179.48
760.11
1300.64
684.56
1543.18
1779.51
1533.67
1477.23
1646.32
291.71
1623.35
1169.02
1144.48
1601.24
1015.02
747.93
1738.58
892.62
1141.44
1310.09
826.98
1540.94
689.91
588.2
1360.86
1682.0
1141.07
1598.09
1512.62
1136.66
1943.12
1687.93
1637.73
1634.14
1461.74
1459.56
698.37
1658.48
1798.76
757.57
724.78
1004.39
1656.25
1787.11
1128.68
1568.44
1270.77
1155.26
1847.19
1227.73
1843.44
801.3
1423.84
1564.29
856.02
1835.96
1284.8
1139.78
1726.33
1322.42
836.12
1801.49
1567.62
1564.42
1564.1
1172.99
1172.22
1287.9
1578.44
1300.77
1865.7
1622.6
1333.19
1241.64
801.61
1642.51
1563.82
1114.92
1451.66
1802.04
1886.45
722.27
1762.64
1509.92
756.51
283.45
1472.4
1357.6
1341.12
1086.71
583.41
1580.39
1590.62
1491.47
1708.62
1547.11
1372.65
942.9
1566.59
1011.48
1121.5
1422.59
1186.66
1111.97
738.13
913.89
1476.34
1887.98
1751.29
1853.71
1190.72
1614.36
1473.14
1135.82
1291.08
1966.41
1245.23
1651.68
1570.35
1959.21
1572.37
1355.88
1522.05
1918.04
997.22
899.52
1408.32
1569.99
939.85
1025.35
1182.04
1171.86
1833.33
1458.62
1316.55
1798.15
1570.03
1590.29
305.23
344.58
1998.83
1701.02
1025.35
1840.92
818.75
915.7
733.96
1611.19
1199.13
1854.08
834.63
1480.78
1427.32
693.89
1673.84
1163.06
684.01
1336.18
1765.28
1664.79
1276.2
1834.57
1464.36
672.75
1752.1
1874.81
1410.32
2145.19
1224.71
1887.24
1209.43
1826.29
763.43
1467.7
655.5
1138.1
1388.46
1510.69
1320.27
1526.65
744.64
677.39
1529.33
1227.56
1952.28
1402.81
1615.73
747.19
1351.95
1094.46
773.28
1622.86
880.73
1489.97
1298.61
1399.08
1415.51
1668.05
941.18
984.8
1853.09
1359.2
1604.96
901.98
778.1
1813.14
925.55
1221.04
1646.11
1503.73
1255.44
131.79
1795.95
1211.62
1959.89
1348.77
1532.02
1121.15
1836.45
1756.12
1645.47
1615.43
1731.59
757.12
1636.6
1492.11
1489.6
1714.3
1717.1
1441.24
1338.26
1650.81
1675.66
1193.2
1760.05
1354.1
902.77
848.56
1457.77
1840.41
1139.63
852.68
1682.74
774.27
1572.64
1274.37
1151.2
1519.73
1504.26
1572.96
912.55
1682.01
1132.91
1099.83
1082.4
1484.06
1497.21
1521.33
1018.84
1312.07
833.99
1781.96
1224.93
1518.12
1040.07
1909.6
1798.31
1224.23
1700.53
1223.55
1742.6
1531.21
1231.26
1333.38
1545.08
1277.67
687.52
1640.62
1409.23
935.44
1881.67
1291.72
1649.18
1102.73
1458.47
1167.1
1827.36
1528.72
1826.63
1555.82
1652.23
1396.88
957.86
1685.72
762.67
1417.85
1087.77
1176.17
1098.43
2036.88
1777.47
1554.74
1178.08
816.26
1604.51
1585.49
1766.3
634.52
1238.85
1136.43
1562.04
1505.25
1456.85
1565.4
1508.88
222.7
1536.94
1658.88
1453.44
1687.23
1096.33
1364.77
1827.32
931.06
561.69
1871.06
1023.51
1772.97
1727.76
1276.9
1951.96
1276.96
1750.74
1745.16
536.67
1308.87
291.18
1369.62
741.53
885.26
1673.87
1969.89
698.26
1416.71
1579.97
1567.68
1761.23
291.68
1621.84
1072.13
1841.9
1226.35
1948.77
1831.92
1918.18
1458.26
1708.09
1174.88
1454.51
686.31
1690.51
1480.32
952.52
1122.18
1707.0
1301.46
1612.53
305.7
1699.63
1673.04
913.79
1088.6
747.59
1519.5
946.78
1164.04
1274.04
1120.49
1586.26
1517.76
1140.14
1339.96
1544.69
1252.37
1513.64
1344.88
1780.67
1394.02
1137.03
1198.38
1038.69
1617.01
794.36
664.65
1247.69
811.03
1383.02
1330.69
888.26
1451.15
1127.07
1808.63
1331.64
1066.56
1383.91
737.54
1153.12
1218.01
1367.65
1773.31
829.99
1310.09
1426.18
1567.67
587.56
1386.52
1390.02
916.96
1764.99
1781.92
1120.03
1378.59
1298.12
1558.48
1645.15
1372.55
1017.93
788.14
1617.73
1165.03
2087.88
1098.12
666.63
1843.75
1439.26
1537.35
1240.47
1276.25
1549.37
1280.52
1233.21
827.14
1359.27
1289.25
1303.84
1457.79
779.95
1422.43
1103.29
1340.91
1462.43
1694.17
1874.07
1595.01
1274.62
1808.97
1079.34
1501.18
1110.47
1676.94
1230.85
1211.52
1567.23
1632.06
1757.57
720.57
1176.9
1745.58
1759.49
1425.14
1282.35
1817.05
1603.39
2032.93
1579.87
1509.43
1634.22
1527.34
1443.11
1233.16
1393.78
1491.02
1292.1
546.31
1058.86
1842.67
1253.14
1488.92
1501.13
1466.1
1578.12
866.76
1574.18
1788.61
363.69
1498.39
1391.36
1587.93
1664.65
1121.68
1363.18
576.97
546.49
1316.97
1630.29
1823.01
1866.29
1590.63
1337.94
1553.75
1590.4
1875.01
859.42
1667.85
643.76
935.78
1191.48
1474.96
1007.39
1586.31
1191.58
1638.63
1600.67
1455.7
1430.13
1434.34
1658.03
1327.84
1577.2
1757.98
1632.98
1044.06
1233.26
1747.04
1080.51
1311.67
870.71
894.2
1498.84
1635.43
965.17
785.56
1145.11
1690.6
1444.11
1352.8
931.1
1823.47
1549.66
1582.53
1612.48
1449.66
1190.57
764.4
1284.26
722.63
835.57
1819.19
1890.95
1302.88
1893.51
852.26
1277.46
920.34
878.25
1071.5
1260.79
1586.22
1369.6
850.56
1520.62
1783.07
1476.22
1272.04
1685.52
1564.61
1857.64
1271.1
1068.15
1391.84
1702.96
1295.91
1205.24
1595.52
1132.21
500.94
1548.07
1594.17
789.11
1161.83
1175.17
877.27
1588.36
1579.76
918.11
1156.46
1630.97
1623.0
1709.83
1779.59
1460.17
1428.43
1516.95
1801.4
1709.65
1913.09
1852.63
1610.72
1685.23
1140.34
1481.2
1270.74
1153.65
1744.08
1286.35
1232.84
1592.48
658.39
1843.47
1174.4
964.09
1010.54
1783.16
1535.22
1520.19
1649.72
1426.08
1622.13
868.54
1422.25
909.7
1498.49
1675.17
1037.2
1458.03
1524.06
985.84
1262.69
852.47
1542.09
1808.08
916.04
1153.9
734.94
1458.49
410.8
1079.81
805.3
1436.93
1550.62
2146.94
1699.89
1377.59
1887.31
744.19
988.68
1838.79
1532.06
1271.64
1412.83
1501.19
1250.17
1829.9
1500.58
1088.07
2167.84
1878.18
1546.81
1624.18
1589.7
838.52
1565.58
1212.03
1556.8
1508.19
971.71
544.3
1842.19
1339.49
819.48
1450.49
1593.06
1245.05
1559.97
1733.08
995.36
753.52
1372.04
1687.54
721.52
718.39
571.38
1838.85
1608.95
1397.68
1860.22
1292.17
1528.33
1595.18
1368.42
1578.6
1840.83
1571.9
1302.83
1572.24
819.64
669.85
1530.25
1454.22
1489.59
1567.02
997.12
1368.0
1713.83
1578.51
1856.89
1434.05
1717.03
1455.35
1586.02
1764.51
1172.48
776.63
736.25
1754.35
1100.84
1620.57
1565.61
1485.97
1076.56
1423.18
1361.23
1504.76
796.76
1195.37
1808.37
792.2
1609.1
1079.63
1622.78
1490.27
1183.56
789.61
1542.48
1394.85
1527.63
1496.24
1271.3
1471.43
1270.15
1454.16
1437.34
1646.44
938.64
1553.71
1464.29
1525.49
576.48
586.39
1778.26
994.96
804.98
1580.9
872.46
1651.83
1588.24
1519.8
1382.24
1590.34
1543.78
1857.51
1913.33
1177.13
1480.04
1514.37
1576.05
1156.05
1161.53
1517.89
1335.55
1218.38
1631.29
1660.98
1276.17
1469.82
1761.5
671.55
674.66
1470.06
1497.77
1423.24
1750.36
1650.42
1198.98
1044.8
1631.76
1393.72
1067.0
1878.87
1462.65
1847.17
1543.59
1395.69
1097.65
1459.77
1712.48
1736.67
2005.14
917.2
625.63
1262.67
1337.82
907.81
691.73
1780.36
1194.0
1750.76
1157.85
1773.52
1821.94
1599.47
844.0
1509.79
1650.35
1186.61
761.56
638.25
1201.65
1203.55
1457.24
727.55
1308.64
1518.46
1666.53
1565.83
1744.09
1840.14
1898.11
1502.17
1839.23
951.49
1126.29
442.27
1689.71
1498.11
1330.98
1532.43
1615.48
1640.35
1841.52
1689.42
1512.46
1430.22
1512.27
1546.46
1617.44
1829.06
1318.01
780.55
1698.0
1354.42
1064.84
1434.58
1426.12
1859.71
1109.34
1120.41
1201.2
429.94
1547.87
1552.52
1586.37
1501.9
1217.73
1142.87
1238.96
1050.37
506.63
1557.89
803.56
1621.95
1083.61
1926.45
958.48
1930.22
1789.66
1562.26
1629.3
1821.65
1269.06
1816.15
544.33
1079.18
1876.49
1046.34
1162.85
1434.44
1462.32
470.4
1463.9
1488.06
1346.62
1789.07
1816.28
371.46
1518.8
504.9
1590.94
1415.37
1577.18
1433.39
1818.27
1557.52
540.56
233.91
1224.36
1121.92
1175.94
1338.65
894.38
1775.26
865.21
1807.4
1541.55
796.06
838.1
1213.19
1598.4
1642.01
767.66
1639.56
1638.98
1062.04
556.7
672.44
1530.57
1272.5
1024.3
1474.55
886.87
1665.47
648.48
1158.84
1768.62
1560.07
2033.89
1676.63
1505.23
853.69
1719.12
782.02
1610.04
1167.62
1590.63
1301.73
1291.89
1473.48
1544.45
1560.57
1469.38
1333.31
1746.8
1568.36
793.13
1831.07
1336.82
1465.74
1831.3
1696.26
1709.01
765.86
1220.07
1283.88
1986.26
1456.64
1364.97
1704.84
750.06
1581.73
1679.39
1674.64
1082.36
1034.04
805.85
1520.92
1862.2
1017.94
1608.31
1599.54
1224.62
555.11
1707.37
825.57
1462.98
560.54
1127.67
1114.72
1286.06
1844.87
1558.71
805.81
1620.65
825.02
649.48
1339.62
1166.47
680.84
1566.89
1597.99
1218.47
1531.45
1154.12
1272.07
1540.86
1510.62
953.85
1278.03
1181.6
410.7
579.49
1571.6
1186.31
1162.77
1039.65
1347.27
989.5
823.03
1673.84
771.56
872.33
1445.8
1584.27
1544.69
1094.61
1550.21
1602.57
1631.71
1432.66
1733.89
1397.61
1543.4
1776.63
1046.67
1572.64
1514.63
1745.43
1433.88
1304.95
1730.81
1375.0
1820.43
1462.15
1848.09
1868.76
1628.29
1109.59
1586.39
1710.98
1316.0
1390.21
1132.22
1624.29
1835.23
1265.02
1571.95
1374.5
983.8
1445.86
1582.09
1451.15
1601.5
597.09
1410.3
481.65
1401.42
1641.56
1554.66
1585.51
938.33
797.57
1690.11
1400.56
1240.26
1487.09
1297.22
1808.52
1618.23
662.26
1236.78
1721.59
1271.67
1263.23
1507.11
1504.11
1099.88
738.85
544.41
1731.18
909.77
1740.32
1817.32
1579.46
1530.24
1994.63
774.73
1331.89
1473.18
1345.15
1280.56
734.25
1256.29
1624.8
1464.66
440.46
1126.64
1543.05
1551.61
896.45
1922.54
830.66
768.71
1398.32
1252.73
1815.23
767.35
1047.53
1482.0
2066.56
1494.88
1269.67
1082.22
604.4
1682.55
1382.11
1622.94
388.03
1685.42
1363.15
1679.45
1560.08
1777.95
919.41
745.67
1729.33
1663.64
1642.81
1437.64
1194.08
1443.04
1027.52
865.92
1780.22
980.07
1353.05
1416.89
1044.33
1119.98
1627.04
1809.71
1207.42
586.39
1464.15
1070.48
1586.38
1536.03
1243.48
1756.6
1423.82
1549.08
1399.21
1581.95
944.47
1519.52
1863.76
1219.36
1559.23
1551.56
1066.94
1292.51
1468.27
990.37
1608.8
763.98
1298.38
991.38
1256.26
1561.81
724.18
1354.42
1841.04
781.59
1639.7
899.57
1135.85
934.35
1633.6
1764.99
1399.83
1517.96
1302.84
942.41
809.77
1802.75
1148.96
1497.7
1522.75
1613.89
1109.08
1509.74
1432.09
1217.97
1170.46
1169.63
1697.35
769.03
1201.2
1939.26
1404.49
1767.72
1474.06
1132.0
1683.91
287.59
1404.85
1131.5
1368.51
870.93
1627.88
1336.65
1415.23
858.37
2002.73
992.98
162.66
826.39
936.1
1865.98
1851.33
1769.94
1635.2
1894.61
1175.91
1585.15
953.99
1156.89
1504.24
1020.73
854.82
1707.66
1213.39
756.69
1404.05
1639.69
1359.14
1681.37
1860.54
1117.84
1864.32
1610.8
1515.15
1618.62
1236.69
1168.84
839.26
1066.7
557.83
1561.49
1563.75
1545.62
1521.27
1179.67
1317.25
1290.69
585.18
1326.09
1601.92
1504.93
1825.9
1586.28
1328.52
2088.07
829.33
1090.07
836.46
1471.3
1428.26
976.63
1188.15
1813.57
1561.08
1469.24
1364.28
805.05
1625.07
772.86
1395.5
1473.11
1243.45
1522.7
1314.05
1420.49
1072.37
1034.73
1840.92
1582.8
776.09
1851.03
1378.86
1489.29
644.13
1162.46
1364.78
487.0
1128.71
1456.12
313.9
1450.2
1127.0
1418.99
1586.95
1395.43
1279.64
1574.55
1637.73
562.75
1557.07
691.59
1605.69
1424.01
1101.75
1846.45
1411.52
1715.91
1485.18
1420.81
1827.88
1085.34
1612.21
1409.43
1343.28
1223.41
1745.1
505.0
1023.45
911.54
973.26
1605.64
775.29
1024.82
1847.31
1512.55
1201.79
339.6
1206.36
1177.19
1080.48
1123.38
784.31
1641.16
1556.31
1772.09
1443.55
1723.57
852.19
1591.13
1082.2
1579.83
1575.74
1659.22
1218.82
1533.18
1379.56
1227.55
1849.54
1767.37
1510.07
921.0
1718.18
756.74
1433.68
776.63
1519.38
1441.14
1202.15
1606.01
1466.87
1893.88
1659.82
220.31
1569.83
1624.25
1359.25
907.18
1420.64
1551.93
1253.51
960.45
1820.19
1642.84
1576.74
2028.82
1824.51
1510.93
1300.07
1477.8
1663.11
1405.7
406.32
1649.91
1783.53
1300.36
1195.9
1712.18
658.78
555.8
573.47
1763.8
1266.7
